1 1 1 1
2 5 0 0
2 5 1 1
2 5 2 1
2 5 3 0
2 5 4 0
2 5 5 1
2 5 6 0
2 5 7 1
2 5 8 0
2 5 9 0
2 5 10 0
2 5 11 1
2 5 12 0
2 5 13 0
2 5 14 0
2 5 15 0
2 5 16 0
2 5 17 0
2 5 18 0
2 5 19 0
2 5 20 0
2 5 21 0
2 5 22 0
2 5 23 0
2 5 24 0
2 5 25 0
2 5 26 0
2 5 27 0
2 5 28 0
2 5 29 0
2 5 30 0
2 5 31 0
2 5 32 0
2 5 33 0
2 5 34 0
2 5 35 0
2 5 36 0
2 5 37 0
2 5 38 0
2 5 39 0
2 5 40 0
2 5 41 0
2 5 42 0
2 5 43 0
2 5 44 0
2 5 45 0
2 5 46 0
2 5 47 0
2 5 48 0
2 5 49 0
2 5 50 0
2 5 51 0
2 5 52 0
2 5 53 0
2 5 54 0
2 5 55 0
2 5 56 0
2 5 57 0
2 5 58 0
2 5 59 0
2 5 60 0
2 5 61 0
2 5 62 0
2 5 63 0
2 5 64 0
2 5 65 0
2 5 66 0
2 5 67 0
2 5 68 0
2 5 69 0
2 5 70 0
2 5 71 0
2 5 72 0
2 5 73 0
2 5 74 0
2 5 75 0
2 5 76 0
2 5 77 0
2 5 78 0
2 5 79 0
2 5 80 0
2 5 81 0
2 5 82 0
2 5 83 0
2 5 84 0
2 5 85 0
2 5 86 0
2 5 87 0
2 5 88 0
2 5 89 0
2 5 90 0
2 5 91 0
2 5 92 0
2 5 93 0
2 5 94 0
2 5 95 0
2 5 96 0
2 5 97 0
2 5 98 0
2 5 99 0
2 5 100 0
2 5 101 0
2 5 102 0
2 5 103 0
2 5 104 0
2 5 105 0
2 5 106 0
2 5 107 0
2 5 108 0
2 5 109 0
2 5 110 0
2 5 111 0
2 5 112 0
2 5 113 0
2 5 114 0
2 5 115 0
2 5 116 0
2 5 117 0
2 5 118 0
2 5 119 0
2 5 120 0
2 5 121 0
2 5 122 0
2 5 123 0
2 5 124 0
2 5 125 0
2 5 126 0
2 5 127 0
2 5 128 0
2 5 129 0
2 5 130 0
2 5 131 0
2 5 132 0
2 5 133 0
2 5 134 0
2 5 135 0
2 5 136 0
2 5 137 0
2 5 138 0
2 5 139 0
2 5 140 0
2 5 141 0
2 5 142 0
2 5 143 0
2 5 144 0
2 5 145 0
2 5 146 0
2 5 147 0
2 5 148 0
2 5 149 0
2 5 150 0
2 5 151 0
2 5 152 0
2 5 153 0
2 5 154 0
2 5 155 0
2 5 156 0
2 5 157 0
2 5 158 0
2 5 159 0
2 5 160 0
2 5 161 0
2 5 162 0
2 5 163 0
2 5 164 0
2 5 165 0
2 5 166 0
2 5 167 0
2 5 168 0
2 5 169 0
2 5 170 0
2 5 171 0
2 5 172 0
2 5 173 0
2 5 174 0
2 5 175 0
2 5 176 0
2 5 177 0
2 5 178 0
2 5 179 0
2 5 180 0
2 5 181 0
2 5 182 0
2 5 183 0
2 5 184 0
2 5 185 0
2 5 186 0
2 5 187 0
2 5 188 0
2 5 189 0
2 5 190 0
2 5 191 0
2 5 192 0
2 5 193 0
2 5 194 0
2 5 195 0
2 5 196 0
2 5 197 0
2 5 198 0
2 5 199 0
2 5 200 0
2 5 201 0
2 5 202 0
2 5 203 0
2 5 204 0
2 5 205 0
2 5 206 0
2 5 207 0
2 5 208 0
2 5 209 0
2 5 210 0
2 5 211 0
2 5 212 0
2 5 213 0
2 5 214 0
2 5 215 0
2 5 216 0
2 5 217 0
2 5 218 0
2 5 219 0
2 5 220 0
2 5 221 0
2 5 222 0
2 5 223 0
2 5 224 0
2 5 225 0
2 5 226 0
2 5 227 0
2 5 228 0
2 5 229 0
2 5 230 0
2 5 231 0
2 5 232 0
2 5 233 0
2 5 234 0
2 5 235 0
2 5 236 0
2 5 237 0
2 5 238 0
2 5 239 0
2 5 240 0
2 5 241 0
2 5 242 0
2 5 243 0
2 5 244 0
2 5 245 0
2 5 246 0
2 5 247 0
2 5 248 0
2 5 249 0
2 5 250 0
2 5 251 0
2 5 252 0
2 5 253 0
2 5 254 0
2 5 255 0
2 5 256 0
2 5 257 0
2 5 258 0
2 5 259 0
2 5 260 0
2 5 261 0
2 5 262 0
2 5 263 0
2 5 264 0
2 5 265 0
2 5 266 0
2 5 267 0
2 5 268 0
2 5 269 0
2 5 270 0
2 5 271 0
2 5 272 0
2 5 273 0
2 5 274 0
2 5 275 0
2 5 276 0
2 5 277 0
2 5 278 0
2 5 279 0
2 5 280 0
2 5 281 0
2 5 282 0
2 5 283 0
2 5 284 0
2 5 285 0
2 5 286 0
2 5 287 0
2 5 288 0
2 5 289 0
2 5 290 0
2 5 291 0
2 5 292 0
2 5 293 0
2 5 294 0
2 5 295 0
2 5 296 0
2 5 297 0
2 5 298 0
2 5 299 0
2 5 300 0
3 1 0 0
3 1 1 1
3 1 2 0
3 1 3 0
3 1 4 0
3 1 5 0
3 1 6 0
3 1 7 0
3 1 8 0
3 1 9 0
3 1 10 0
3 1 11 0
3 1 12 0
3 1 13 0
3 1 14 0
3 1 15 0
3 1 16 0
3 1 17 0
3 1 18 0
3 1 19 0
3 1 20 0
3 1 21 0
3 1 22 0
3 1 23 0
3 1 24 0
3 1 25 0
3 1 26 0
3 1 27 0
3 1 28 0
3 1 29 0
3 1 30 0
3 1 31 0
3 1 32 0
3 1 33 0
3 1 34 0
3 1 35 0
3 1 36 0
3 1 37 0
3 1 38 0
3 1 39 0
3 1 40 0
3 1 41 0
3 1 42 0
3 1 43 0
3 1 44 0
3 1 45 0
3 1 46 0
3 1 47 0
3 1 48 0
3 1 49 0
3 1 50 0
3 1 51 0
3 1 52 0
3 1 53 0
3 1 54 0
3 1 55 0
3 1 56 0
3 1 57 0
3 1 58 0
3 1 59 0
3 1 60 0
3 1 61 0
3 1 62 0
3 1 63 0
3 1 64 0
3 1 65 0
3 1 66 0
3 1 67 0
3 1 68 0
3 1 69 0
3 1 70 0
3 1 71 0
3 1 72 0
3 1 73 0
3 1 74 0
3 1 75 0
3 1 76 0
3 1 77 0
3 1 78 0
3 1 79 0
3 1 80 0
3 1 81 0
3 1 82 0
3 1 83 0
3 1 84 0
3 1 85 0
3 1 86 0
3 1 87 0
3 1 88 0
3 1 89 0
3 1 90 0
3 1 91 0
3 1 92 0
3 1 93 0
3 1 94 0
3 1 95 0
3 1 96 0
3 1 97 0
3 1 98 0
3 1 99 0
3 1 100 0
3 1 101 0
3 1 102 0
3 1 103 0
3 1 104 0
3 1 105 0
3 1 106 0
3 1 107 0
3 1 108 0
3 1 109 0
3 1 110 0
3 1 111 0
3 1 112 0
3 1 113 0
3 1 114 0
3 1 115 0
3 1 116 0
3 1 117 0
3 1 118 0
3 1 119 0
3 1 120 0
3 1 121 0
3 1 122 0
3 1 123 0
3 1 124 0
3 1 125 0
3 1 126 0
3 1 127 0
3 1 128 0
3 1 129 0
3 1 130 0
3 1 131 0
3 1 132 0
3 1 133 0
3 1 134 0
3 1 135 0
3 1 136 0
3 1 137 0
3 1 138 0
3 1 139 0
3 1 140 0
3 1 141 0
3 1 142 0
3 1 143 0
3 1 144 0
3 1 145 0
3 1 146 0
3 1 147 0
3 1 148 0
3 1 149 0
3 1 150 0
3 1 151 0
3 1 152 0
3 1 153 0
3 1 154 0
3 1 155 0
3 1 156 0
3 1 157 0
3 1 158 0
3 1 159 0
3 1 160 0
3 1 161 0
3 1 162 0
3 1 163 0
3 1 164 0
3 1 165 0
3 1 166 0
3 1 167 0
3 1 168 0
3 1 169 0
3 1 170 0
3 1 171 0
3 1 172 0
3 1 173 0
3 1 174 0
3 1 175 0
3 1 176 0
3 1 177 0
3 1 178 0
3 1 179 0
3 1 180 0
3 1 181 0
3 1 182 0
3 1 183 0
3 1 184 0
3 1 185 0
3 1 186 0
3 1 187 0
3 1 188 0
3 1 189 0
3 1 190 0
3 1 191 0
3 1 192 0
3 1 193 0
3 1 194 0
3 1 195 0
3 1 196 0
3 1 197 0
3 1 198 0
3 1 199 0
3 1 200 0
3 1 201 0
3 1 202 0
3 1 203 0
3 1 204 0
3 1 205 0
3 1 206 0
3 1 207 0
3 1 208 0
3 1 209 0
3 1 210 0
3 1 211 0
3 1 212 0
3 1 213 0
3 1 214 0
3 1 215 0
3 1 216 0
3 1 217 0
3 1 218 0
3 1 219 0
3 1 220 0
3 1 221 0
3 1 222 0
3 1 223 0
3 1 224 0
3 1 225 0
3 1 226 0
3 1 227 0
3 1 228 0
3 1 229 0
3 1 230 0
3 1 231 0
3 1 232 0
3 1 233 0
3 1 234 0
3 1 235 0
3 1 236 0
3 1 237 0
3 1 238 0
3 1 239 0
3 1 240 0
3 1 241 0
3 1 242 0
3 1 243 0
3 1 244 0
3 1 245 0
3 1 246 0
3 1 247 0
3 1 248 0
3 1 249 0
3 1 250 0
3 1 251 0
3 1 252 0
3 1 253 0
3 1 254 0
3 1 255 0
3 1 256 0
3 1 257 0
3 1 258 0
3 1 259 0
3 1 260 0
3 1 261 0
3 1 262 0
3 1 263 0
3 1 264 0
3 1 265 0
3 1 266 0
3 1 267 0
3 1 268 0
3 1 269 0
3 1 270 0
3 1 271 0
3 1 272 0
3 1 273 0
3 1 274 0
3 1 275 0
3 1 276 0
3 1 277 0
3 1 278 0
3 1 279 0
3 1 280 0
3 1 281 0
3 1 282 0
3 1 283 0
3 1 284 0
3 1 285 0
3 1 286 0
3 1 287 0
3 1 288 0
3 1 289 0
3 1 290 0
3 1 291 0
3 1 292 0
3 1 293 0
3 1 294 0
3 1 295 0
3 1 296 0
3 1 297 0
3 1 298 0
3 1 299 0
3 1 300 0
4 1 0 0
4 1 1 1
4 1 2 1
4 1 3 0
4 1 4 0
4 1 5 0
4 1 6 0
4 1 7 0
4 1 8 0
4 1 9 0
4 1 10 0
4 1 11 0
4 1 12 0
4 1 13 0
4 1 14 0
4 1 15 0
4 1 16 0
4 1 17 0
4 1 18 0
4 1 19 0
4 1 20 0
4 1 21 0
4 1 22 0
4 1 23 0
4 1 24 0
4 1 25 0
4 1 26 0
4 1 27 0
4 1 28 0
4 1 29 0
4 1 30 0
4 1 31 0
4 1 32 0
4 1 33 0
4 1 34 0
4 1 35 0
4 1 36 0
4 1 37 0
4 1 38 0
4 1 39 0
4 1 40 0
4 1 41 0
4 1 42 0
4 1 43 0
4 1 44 0
4 1 45 0
4 1 46 0
4 1 47 0
4 1 48 0
4 1 49 0
4 1 50 0
4 1 51 0
4 1 52 0
4 1 53 0
4 1 54 0
4 1 55 0
4 1 56 0
4 1 57 0
4 1 58 0
4 1 59 0
4 1 60 0
4 1 61 0
4 1 62 0
4 1 63 0
4 1 64 0
4 1 65 0
4 1 66 0
4 1 67 0
4 1 68 0
4 1 69 0
4 1 70 0
4 1 71 0
4 1 72 0
4 1 73 0
4 1 74 0
4 1 75 0
4 1 76 0
4 1 77 0
4 1 78 0
4 1 79 0
4 1 80 0
4 1 81 0
4 1 82 0
4 1 83 0
4 1 84 0
4 1 85 0
4 1 86 0
4 1 87 0
4 1 88 0
4 1 89 0
4 1 90 0
4 1 91 0
4 1 92 0
4 1 93 0
4 1 94 0
4 1 95 0
4 1 96 0
4 1 97 0
4 1 98 0
4 1 99 0
4 1 100 0
4 1 101 0
4 1 102 0
4 1 103 0
4 1 104 0
4 1 105 0
4 1 106 0
4 1 107 0
4 1 108 0
4 1 109 0
4 1 110 0
4 1 111 0
4 1 112 0
4 1 113 0
4 1 114 0
4 1 115 0
4 1 116 0
4 1 117 0
4 1 118 0
4 1 119 0
4 1 120 0
4 1 121 0
4 1 122 0
4 1 123 0
4 1 124 0
4 1 125 0
4 1 126 0
4 1 127 0
4 1 128 0
4 1 129 0
4 1 130 0
4 1 131 0
4 1 132 0
4 1 133 0
4 1 134 0
4 1 135 0
4 1 136 0
4 1 137 0
4 1 138 0
4 1 139 0
4 1 140 0
4 1 141 0
4 1 142 0
4 1 143 0
4 1 144 0
4 1 145 0
4 1 146 0
4 1 147 0
4 1 148 0
4 1 149 0
4 1 150 0
4 1 151 0
4 1 152 0
4 1 153 0
4 1 154 0
4 1 155 0
4 1 156 0
4 1 157 0
4 1 158 0
4 1 159 0
4 1 160 0
4 1 161 0
4 1 162 0
4 1 163 0
4 1 164 0
4 1 165 0
4 1 166 0
4 1 167 0
4 1 168 0
4 1 169 0
4 1 170 0
4 1 171 0
4 1 172 0
4 1 173 0
4 1 174 0
4 1 175 0
4 1 176 0
4 1 177 0
4 1 178 0
4 1 179 0
4 1 180 0
4 1 181 0
4 1 182 0
4 1 183 0
4 1 184 0
4 1 185 0
4 1 186 0
4 1 187 0
4 1 188 0
4 1 189 0
4 1 190 0
4 1 191 0
4 1 192 0
4 1 193 0
4 1 194 0
4 1 195 0
4 1 196 0
4 1 197 0
4 1 198 0
4 1 199 0
4 1 200 0
4 1 201 0
4 1 202 0
4 1 203 0
4 1 204 0
4 1 205 0
4 1 206 0
4 1 207 0
4 1 208 0
4 1 209 0
4 1 210 0
4 1 211 0
4 1 212 0
4 1 213 0
4 1 214 0
4 1 215 0
4 1 216 0
4 1 217 0
4 1 218 0
4 1 219 0
4 1 220 0
4 1 221 0
4 1 222 0
4 1 223 0
4 1 224 0
4 1 225 0
4 1 226 0
4 1 227 0
4 1 228 0
4 1 229 0
4 1 230 0
4 1 231 0
4 1 232 0
4 1 233 0
4 1 234 0
4 1 235 0
4 1 236 0
4 1 237 0
4 1 238 0
4 1 239 0
4 1 240 0
4 1 241 0
4 1 242 0
4 1 243 0
4 1 244 0
4 1 245 0
4 1 246 0
4 1 247 0
4 1 248 0
4 1 249 0
4 1 250 0
4 1 251 0
4 1 252 0
4 1 253 0
4 1 254 0
4 1 255 0
4 1 256 0
4 1 257 0
4 1 258 0
4 1 259 0
4 1 260 0
4 1 261 0
4 1 262 0
4 1 263 0
4 1 264 0
4 1 265 0
4 1 266 0
4 1 267 0
4 1 268 0
4 1 269 0
4 1 270 0
4 1 271 0
4 1 272 0
4 1 273 0
4 1 274 0
4 1 275 0
4 1 276 0
4 1 277 0
4 1 278 0
4 1 279 0
4 1 280 0
4 1 281 0
4 1 282 0
4 1 283 0
4 1 284 0
4 1 285 0
4 1 286 0
4 1 287 0
4 1 288 0
4 1 289 0
4 1 290 0
4 1 291 0
4 1 292 0
4 1 293 0
4 1 294 0
4 1 295 0
4 1 296 0
4 1 297 0
4 1 298 0
4 1 299 0
4 1 300 0
5 3 0 0
5 3 1 1
5 3 2 1
5 3 3 1
5 3 4 1
5 3 5 1
5 3 6 0
5 3 7 0
5 3 8 0
5 3 9 0
5 3 10 0
5 3 11 0
5 3 12 0
5 3 13 0
5 3 14 0
5 3 15 0
5 3 16 0
5 3 17 0
5 3 18 0
5 3 19 0
5 3 20 0
5 3 21 0
5 3 22 0
5 3 23 0
5 3 24 0
5 3 25 0
5 3 26 0
5 3 27 0
5 3 28 0
5 3 29 0
5 3 30 0
5 3 31 0
5 3 32 0
5 3 33 0
5 3 34 0
5 3 35 0
5 3 36 0
5 3 37 0
5 3 38 0
5 3 39 0
5 3 40 0
5 3 41 0
5 3 42 0
5 3 43 0
5 3 44 0
5 3 45 0
5 3 46 0
5 3 47 0
5 3 48 0
5 3 49 0
5 3 50 0
5 3 51 0
5 3 52 0
5 3 53 0
5 3 54 0
5 3 55 0
5 3 56 0
5 3 57 0
5 3 58 0
5 3 59 0
5 3 60 0
5 3 61 0
5 3 62 0
5 3 63 0
5 3 64 0
5 3 65 0
5 3 66 0
5 3 67 0
5 3 68 0
5 3 69 0
5 3 70 0
5 3 71 0
5 3 72 0
5 3 73 0
5 3 74 0
5 3 75 0
5 3 76 0
5 3 77 0
5 3 78 0
5 3 79 0
5 3 80 0
5 3 81 0
5 3 82 0
5 3 83 0
5 3 84 0
5 3 85 0
5 3 86 0
5 3 87 0
5 3 88 0
5 3 89 0
5 3 90 0
5 3 91 0
5 3 92 0
5 3 93 0
5 3 94 0
5 3 95 0
5 3 96 0
5 3 97 0
5 3 98 0
5 3 99 0
5 3 100 0
5 3 101 0
5 3 102 0
5 3 103 0
5 3 104 0
5 3 105 0
5 3 106 0
5 3 107 0
5 3 108 0
5 3 109 0
5 3 110 0
5 3 111 0
5 3 112 0
5 3 113 0
5 3 114 0
5 3 115 0
5 3 116 0
5 3 117 0
5 3 118 0
5 3 119 0
5 3 120 0
5 3 121 0
5 3 122 0
5 3 123 0
5 3 124 0
5 3 125 0
5 3 126 0
5 3 127 0
5 3 128 0
5 3 129 0
5 3 130 0
5 3 131 0
5 3 132 0
5 3 133 0
5 3 134 0
5 3 135 0
5 3 136 0
5 3 137 0
5 3 138 0
5 3 139 0
5 3 140 0
5 3 141 0
5 3 142 0
5 3 143 0
5 3 144 0
5 3 145 0
5 3 146 0
5 3 147 0
5 3 148 0
5 3 149 0
5 3 150 0
5 3 151 0
5 3 152 0
5 3 153 0
5 3 154 0
5 3 155 0
5 3 156 0
5 3 157 0
5 3 158 0
5 3 159 0
5 3 160 0
5 3 161 0
5 3 162 0
5 3 163 0
5 3 164 0
5 3 165 0
5 3 166 0
5 3 167 0
5 3 168 0
5 3 169 0
5 3 170 0
5 3 171 0
5 3 172 0
5 3 173 0
5 3 174 0
5 3 175 0
5 3 176 0
5 3 177 0
5 3 178 0
5 3 179 0
5 3 180 0
5 3 181 0
5 3 182 0
5 3 183 0
5 3 184 0
5 3 185 0
5 3 186 0
5 3 187 0
5 3 188 0
5 3 189 0
5 3 190 0
5 3 191 0
5 3 192 0
5 3 193 0
5 3 194 0
5 3 195 0
5 3 196 0
5 3 197 0
5 3 198 0
5 3 199 0
5 3 200 0
5 3 201 0
5 3 202 0
5 3 203 0
5 3 204 0
5 3 205 0
5 3 206 0
5 3 207 0
5 3 208 0
5 3 209 0
5 3 210 0
5 3 211 0
5 3 212 0
5 3 213 0
5 3 214 0
5 3 215 0
5 3 216 0
5 3 217 0
5 3 218 0
5 3 219 0
5 3 220 0
5 3 221 0
5 3 222 0
5 3 223 0
5 3 224 0
5 3 225 0
5 3 226 0
5 3 227 0
5 3 228 0
5 3 229 0
5 3 230 0
5 3 231 0
5 3 232 0
5 3 233 0
5 3 234 0
5 3 235 0
5 3 236 0
5 3 237 0
5 3 238 0
5 3 239 0
5 3 240 0
5 3 241 0
5 3 242 0
5 3 243 0
5 3 244 0
5 3 245 0
5 3 246 0
5 3 247 0
5 3 248 0
5 3 249 0
5 3 250 0
5 3 251 0
5 3 252 0
5 3 253 0
5 3 254 0
5 3 255 0
5 3 256 0
5 3 257 0
5 3 258 0
5 3 259 0
5 3 260 0
5 3 261 0
5 3 262 0
5 3 263 0
5 3 264 0
5 3 265 0
5 3 266 0
5 3 267 0
5 3 268 0
5 3 269 0
5 3 270 0
5 3 271 0
5 3 272 0
5 3 273 0
5 3 274 0
5 3 275 0
5 3 276 0
5 3 277 0
5 3 278 0
5 3 279 0
5 3 280 0
5 3 281 0
5 3 282 0
5 3 283 0
5 3 284 0
5 3 285 0
5 3 286 0
5 3 287 0
5 3 288 0
5 3 289 0
5 3 290 0
5 3 291 0
5 3 292 0
5 3 293 0
5 3 294 0
5 3 295 0
5 3 296 0
5 3 297 0
5 3 298 0
5 3 299 0
5 3 300 0
6 1 0 0
6 1 1 1
6 1 2 1
6 1 3 0
6 1 4 0
6 1 5 0
6 1 6 0
6 1 7 0
6 1 8 0
6 1 9 0
6 1 10 0
6 1 11 0
6 1 12 0
6 1 13 0
6 1 14 0
6 1 15 0
6 1 16 0
6 1 17 0
6 1 18 0
6 1 19 0
6 1 20 0
6 1 21 0
6 1 22 0
6 1 23 0
6 1 24 0
6 1 25 0
6 1 26 0
6 1 27 0
6 1 28 0
6 1 29 0
6 1 30 0
6 1 31 0
6 1 32 0
6 1 33 0
6 1 34 0
6 1 35 0
6 1 36 0
6 1 37 0
6 1 38 0
6 1 39 0
6 1 40 0
6 1 41 0
6 1 42 0
6 1 43 0
6 1 44 0
6 1 45 0
6 1 46 0
6 1 47 0
6 1 48 0
6 1 49 0
6 1 50 0
6 1 51 0
6 1 52 0
6 1 53 0
6 1 54 0
6 1 55 0
6 1 56 0
6 1 57 0
6 1 58 0
6 1 59 0
6 1 60 0
6 1 61 0
6 1 62 0
6 1 63 0
6 1 64 0
6 1 65 0
6 1 66 0
6 1 67 0
6 1 68 0
6 1 69 0
6 1 70 0
6 1 71 0
6 1 72 0
6 1 73 0
6 1 74 0
6 1 75 0
6 1 76 0
6 1 77 0
6 1 78 0
6 1 79 0
6 1 80 0
6 1 81 0
6 1 82 0
6 1 83 0
6 1 84 0
6 1 85 0
6 1 86 0
6 1 87 0
6 1 88 0
6 1 89 0
6 1 90 0
6 1 91 0
6 1 92 0
6 1 93 0
6 1 94 0
6 1 95 0
6 1 96 0
6 1 97 0
6 1 98 0
6 1 99 0
6 1 100 0
6 1 101 0
6 1 102 0
6 1 103 0
6 1 104 0
6 1 105 0
6 1 106 0
6 1 107 0
6 1 108 0
6 1 109 0
6 1 110 0
6 1 111 0
6 1 112 0
6 1 113 0
6 1 114 0
6 1 115 0
6 1 116 0
6 1 117 0
6 1 118 0
6 1 119 0
6 1 120 0
6 1 121 0
6 1 122 0
6 1 123 0
6 1 124 0
6 1 125 0
6 1 126 0
6 1 127 0
6 1 128 0
6 1 129 0
6 1 130 0
6 1 131 0
6 1 132 0
6 1 133 0
6 1 134 0
6 1 135 0
6 1 136 0
6 1 137 0
6 1 138 0
6 1 139 0
6 1 140 0
6 1 141 0
6 1 142 0
6 1 143 0
6 1 144 0
6 1 145 0
6 1 146 0
6 1 147 0
6 1 148 0
6 1 149 0
6 1 150 0
6 1 151 0
6 1 152 0
6 1 153 0
6 1 154 0
6 1 155 0
6 1 156 0
6 1 157 0
6 1 158 0
6 1 159 0
6 1 160 0
6 1 161 0
6 1 162 0
6 1 163 0
6 1 164 0
6 1 165 0
6 1 166 0
6 1 167 0
6 1 168 0
6 1 169 0
6 1 170 0
6 1 171 0
6 1 172 0
6 1 173 0
6 1 174 0
6 1 175 0
6 1 176 0
6 1 177 0
6 1 178 0
6 1 179 0
6 1 180 0
6 1 181 0
6 1 182 0
6 1 183 0
6 1 184 0
6 1 185 0
6 1 186 0
6 1 187 0
6 1 188 0
6 1 189 0
6 1 190 0
6 1 191 0
6 1 192 0
6 1 193 0
6 1 194 0
6 1 195 0
6 1 196 0
6 1 197 0
6 1 198 0
6 1 199 0
6 1 200 0
6 1 201 0
6 1 202 0
6 1 203 0
6 1 204 0
6 1 205 0
6 1 206 0
6 1 207 0
6 1 208 0
6 1 209 0
6 1 210 0
6 1 211 0
6 1 212 0
6 1 213 0
6 1 214 0
6 1 215 0
6 1 216 0
6 1 217 0
6 1 218 0
6 1 219 0
6 1 220 0
6 1 221 0
6 1 222 0
6 1 223 0
6 1 224 0
6 1 225 0
6 1 226 0
6 1 227 0
6 1 228 0
6 1 229 0
6 1 230 0
6 1 231 0
6 1 232 0
6 1 233 0
6 1 234 0
6 1 235 0
6 1 236 0
6 1 237 0
6 1 238 0
6 1 239 0
6 1 240 0
6 1 241 0
6 1 242 0
6 1 243 0
6 1 244 0
6 1 245 0
6 1 246 0
6 1 247 0
6 1 248 0
6 1 249 0
6 1 250 0
6 1 251 0
6 1 252 0
6 1 253 0
6 1 254 0
6 1 255 0
6 1 256 0
6 1 257 0
6 1 258 0
6 1 259 0
6 1 260 0
6 1 261 0
6 1 262 0
6 1 263 0
6 1 264 0
6 1 265 0
6 1 266 0
6 1 267 0
6 1 268 0
6 1 269 0
6 1 270 0
6 1 271 0
6 1 272 0
6 1 273 0
6 1 274 0
6 1 275 0
6 1 276 0
6 1 277 0
6 1 278 0
6 1 279 0
6 1 280 0
6 1 281 0
6 1 282 0
6 1 283 0
6 1 284 0
6 1 285 0
6 1 286 0
6 1 287 0
6 1 288 0
6 1 289 0
6 1 290 0
6 1 291 0
6 1 292 0
6 1 293 0
6 1 294 0
6 1 295 0
6 1 296 0
6 1 297 0
6 1 298 0
6 1 299 0
6 1 300 0
6 1 0 0
6 1 1 1
6 1 2 1
6 1 3 0
6 1 4 0
6 1 5 0
6 1 6 0
6 1 7 0
6 1 8 0
6 1 9 0
6 1 10 0
6 1 11 0
6 1 12 0
6 1 13 0
6 1 14 0
6 1 15 0
6 1 16 0
6 1 17 0
6 1 18 0
6 1 19 0
6 1 20 0
6 1 21 0
6 1 22 0
6 1 23 0
6 1 24 0
6 1 25 0
6 1 26 0
6 1 27 0
6 1 28 0
6 1 29 0
6 1 30 0
6 1 31 0
6 1 32 0
6 1 33 0
6 1 34 0
6 1 35 0
6 1 36 0
6 1 37 0
6 1 38 0
6 1 39 0
6 1 40 0
6 1 41 0
6 1 42 0
6 1 43 0
6 1 44 0
6 1 45 0
6 1 46 0
6 1 47 0
6 1 48 0
6 1 49 0
6 1 50 0
6 1 51 0
6 1 52 0
6 1 53 0
6 1 54 0
6 1 55 0
6 1 56 0
6 1 57 0
6 1 58 0
6 1 59 0
6 1 60 0
6 1 61 0
6 1 62 0
6 1 63 0
6 1 64 0
6 1 65 0
6 1 66 0
6 1 67 0
6 1 68 0
6 1 69 0
6 1 70 0
6 1 71 0
6 1 72 0
6 1 73 0
6 1 74 0
6 1 75 0
6 1 76 0
6 1 77 0
6 1 78 0
6 1 79 0
6 1 80 0
6 1 81 0
6 1 82 0
6 1 83 0
6 1 84 0
6 1 85 0
6 1 86 0
6 1 87 0
6 1 88 0
6 1 89 0
6 1 90 0
6 1 91 0
6 1 92 0
6 1 93 0
6 1 94 0
6 1 95 0
6 1 96 0
6 1 97 0
6 1 98 0
6 1 99 0
6 1 100 0
6 1 101 0
6 1 102 0
6 1 103 0
6 1 104 0
6 1 105 0
6 1 106 0
6 1 107 0
6 1 108 0
6 1 109 0
6 1 110 0
6 1 111 0
6 1 112 0
6 1 113 0
6 1 114 0
6 1 115 0
6 1 116 0
6 1 117 0
6 1 118 0
6 1 119 0
6 1 120 0
6 1 121 0
6 1 122 0
6 1 123 0
6 1 124 0
6 1 125 0
6 1 126 0
6 1 127 0
6 1 128 0
6 1 129 0
6 1 130 0
6 1 131 0
6 1 132 0
6 1 133 0
6 1 134 0
6 1 135 0
6 1 136 0
6 1 137 0
6 1 138 0
6 1 139 0
6 1 140 0
6 1 141 0
6 1 142 0
6 1 143 0
6 1 144 0
6 1 145 0
6 1 146 0
6 1 147 0
6 1 148 0
6 1 149 0
6 1 150 0
6 1 151 0
6 1 152 0
6 1 153 0
6 1 154 0
6 1 155 0
6 1 156 0
6 1 157 0
6 1 158 0
6 1 159 0
6 1 160 0
6 1 161 0
6 1 162 0
6 1 163 0
6 1 164 0
6 1 165 0
6 1 166 0
6 1 167 0
6 1 168 0
6 1 169 0
6 1 170 0
6 1 171 0
6 1 172 0
6 1 173 0
6 1 174 0
6 1 175 0
6 1 176 0
6 1 177 0
6 1 178 0
6 1 179 0
6 1 180 0
6 1 181 0
6 1 182 0
6 1 183 0
6 1 184 0
6 1 185 0
6 1 186 0
6 1 187 0
6 1 188 0
6 1 189 0
6 1 190 0
6 1 191 0
6 1 192 0
6 1 193 0
6 1 194 0
6 1 195 0
6 1 196 0
6 1 197 0
6 1 198 0
6 1 199 0
6 1 200 0
6 1 201 0
6 1 202 0
6 1 203 0
6 1 204 0
6 1 205 0
6 1 206 0
6 1 207 0
6 1 208 0
6 1 209 0
6 1 210 0
6 1 211 0
6 1 212 0
6 1 213 0
6 1 214 0
6 1 215 0
6 1 216 0
6 1 217 0
6 1 218 0
6 1 219 0
6 1 220 0
6 1 221 0
6 1 222 0
6 1 223 0
6 1 224 0
6 1 225 0
6 1 226 0
6 1 227 0
6 1 228 0
6 1 229 0
6 1 230 0
6 1 231 0
6 1 232 0
6 1 233 0
6 1 234 0
6 1 235 0
6 1 236 0
6 1 237 0
6 1 238 0
6 1 239 0
6 1 240 0
6 1 241 0
6 1 242 0
6 1 243 0
6 1 244 0
6 1 245 0
6 1 246 0
6 1 247 0
6 1 248 0
6 1 249 0
6 1 250 0
6 1 251 0
6 1 252 0
6 1 253 0
6 1 254 0
6 1 255 0
6 1 256 0
6 1 257 0
6 1 258 0
6 1 259 0
6 1 260 0
6 1 261 0
6 1 262 0
6 1 263 0
6 1 264 0
6 1 265 0
6 1 266 0
6 1 267 0
6 1 268 0
6 1 269 0
6 1 270 0
6 1 271 0
6 1 272 0
6 1 273 0
6 1 274 0
6 1 275 0
6 1 276 0
6 1 277 0
6 1 278 0
6 1 279 0
6 1 280 0
6 1 281 0
6 1 282 0
6 1 283 0
6 1 284 0
6 1 285 0
6 1 286 0
6 1 287 0
6 1 288 0
6 1 289 0
6 1 290 0
6 1 291 0
6 1 292 0
6 1 293 0
6 1 294 0
6 1 295 0
6 1 296 0
6 1 297 0
6 1 298 0
6 1 299 0
6 1 300 0