1 80 0 0 0 0 0 5
1 81 0 0 0 0 0 5
1 82 0 0 0 0 0 5
1 83 0 0 0 0 0 5
1 84 0 0 0 0 0 5
1 85 0 0 0 0 0 5
1 86 0 0 0 0 0 5
1 87 0 0 0 0 0 5
1 88 0 0 0 0 0 5
1 89 0 0 0 0 0 5
5 5 0 0 1 0 0 2
5 9 0 0 0 0 0 5
5 12 0 0 0 0 0 3
5 14 0 0 0 0 0 3
5 15 0 0 0 2 2 1
5 16 0 0 2 0 0 1
5 18 0 0 0 0 0 3
5 20 0 0 0 0 0 1
5 22 0 0 0 0 0 1
5 23 0 1 0 0 0 3
5 25 0 2 2 2 0 4
5 30 0 2 0 0 0 1
5 31 0 0 0 0 0 1
5 32 0 2 0 0 0 0
5 34 1 2 2 1 2 1
5 38 0 0 0 0 0 3
5 42 0 0 0 0 0 1
5 43 5 5 0 0 0 5
5 44 0 0 0 0 0 3
5 46 0 0 0 1 1 0
5 53 0 0 0 0 0 5
5 56 0 0 0 0 0 5
5 57 0 0 2 0 0 2
5 65 3 3 3 3 3 0
5 68 0 0 0 0 2 0
5 69 0 0 0 0 0 5
5 73 0 0 0 0 0 5
0 0 0 0 0 0 0 0
p code ch e m s sci

const