1 1 0
1 2 1
1 3 3
1 3 3
1 4 4
1 5 5
1 6 6
1 7 8
1 8 10
1 9 12
1 10 13
1 11 16
1 12 18
1 13 19
1 14 20
1 15 23
1 16 24
1 17 27
1 18 29
1 19 31
1 20 33
1 21 36
1 22 39
1 23 40
1 24 42
1 25 45
1 26 46
1 28 50
1 29 55
1 30 57
1 31 58
1 32 60
1 33 61
1 34 63
1 35 65
1 36 67
1 37 69
1 38 70
1 39 71
1 40 73
1 41 75
1 42 76
1 43 78
1 44 81
1 45 83
1 46 86
1 47 87
1 48 89
1 49 90
1 50 92
1 51 95
1 52 97
1 53 101
1 54 103
1 55 104
1 56 106
1 57 108
1 58 110
1 59 112
1 60 114
1 61 115
1 62 116
1 63 118
1 64 120
1 65 122
1 66 124
1 67 126
1 68 128
1 69 131
1 70 133
1 71 135
1 72 137
1 73 139
1 74 140
1 75 141
1 76 143
1 77 144
1 78 145
1 79 146
2 1 0
2 2 2
2 3 4
2 4 6
2 5 7
2 6 9
2 7 11
2 8 15
2 9 17
2 10 19
2 11 20
2 12 22
2 13 24
2 14 27
2 15 29
2 16 33
2 17 35
2 18 37
2 19 44
2 20 46
2 21 48
2 22 50
2 23 52
2 24 55
2 25 56
2 26 57
2 27 59
2 28 60
2 29 62
2 30 63
2 31 65
2 32 67
2 33 71
2 34 73
2 35 75
2 36 77
2 37 106
2 38 108
2 39 109
2 40 110
2 41 111
2 42 112
2 43 113
2 44 114
2 45 115
2 46 117
2 47 119
2 48 121
2 49 122
2 50 123
2 51 126
2 52 128
2 53 140
2 54 142
2 55 144
2 56 146
3 1 0
3 2 1
3 3 2
3 4 3
3 5 4
3 6 5
3 7 6
3 8 7
3 9 8
3 10 9
3 11 10
3 12 11
3 13 12
3 14 13
3 15 14
3 16 15
3 17 16
3 18 17
3 19 18
3 20 19
3 21 20
3 22 21
3 23 22
3 24 23
3 25 24
3 26 25
3 27 26
3 28 27
3 29 28
3 30 29
3 31 30
3 32 31
3 33 32
3 34 33
3 35 34
3 36 35
3 37 36
3 38 37
3 39 38
3 40 39
3 41 40
3 42 41
3 43 42
3 44 43
3 45 44
3 46 45
3 47 46
3 48 47
3 49 48
3 50 49
3 51 50
3 52 51
3 53 52
3 54 53
3 55 54
3 56 55
3 57 56
3 58 57
3 59 58
3 60 59
3 61 60
3 62 61
3 63 62
3 64 63
3 65 64
3 66 65
3 67 66
3 68 67
3 69 68
3 70 69
3 71 70
3 72 71
3 73 72
3 74 73
3 75 74
3 76 75
3 77 76
3 78 77
3 79 78
3 80 79
3 81 80
3 82 81
3 83 82
3 84 83
3 85 84
3 86 85
3 87 86
3 88 87
3 89 88
3 90 89
3 91 90
3 92 91
3 93 92
3 94 93
3 95 94
3 96 95
3 97 96
3 98 97
3 99 98
3 100 99
3 101 100
3 102 101
3 103 102
3 104 103
3 105 104
3 106 105
3 107 106
3 108 107
3 109 108
3 110 109
3 111 110
3 112 111
3 113 112
3 114 113
3 115 114
3 116 115
3 117 116
3 118 117
3 119 118
3 120 119
3 121 120
3 122 121
3 123 122
3 124 123
3 125 124
3 126 125
3 127 126
3 128 127
3 129 128
3 130 129
3 131 130
3 132 131
3 133 132
3 134 133
3 135 134
3 136 135
3 137 136
3 138 137
3 139 138
3 140 139
3 141 140
3 142 141
3 143 142
3 144 143
3 145 144
3 146 145
3 147 146
4 1 0
4 2 2
4 3 3
4 4 4
4 5 7
4 6 9
4 7 12
4 8 14
4 9 17
4 10 20
4 11 23
4 12 27
4 13 30
4 14 33
4 15 37
4 16 40
4 17 43
4 18 47
4 19 50
4 20 53
4 21 55
4 22 56
4 23 59
4 24 61
4 25 63
4 26 65
4 27 68
4 28 71
4 29 76
4 30 79
4 31 83
4 32 85
4 33 91
4 34 93
4 35 98
4 36 102
4 37 106
4 38 108
4 39 111
4 40 115
4 41 121
5 1 0
5 2 1
5 3 2
5 4 3
5 5 5
5 6 6
5 7 7
5 8 8
5 9 10
5 10 10
5 11 12
5 12 14
5 13 15
5 14 18
5 15 20
5 16 24
5 17 26
5 18 27
5 19 29
5 20 32
5 21 33
5 22 33
5 23 34
5 24 35
5 25 37
5 26 39
5 27 40
5 28 41
5 29 42
5 30 46
5 31 49
5 32 50
5 33 55
5 34 61
5 35 62
5 36 63
5 37 64
5 38 67
5 39 70
5 40 71
5 41 71
5 42 74
5 43 75
5 44 78
5 45 81
5 46 91
5 47 95
5 48 96
5 49 102
5 50 106
5 51 109
5 52 110
5 53 111
5 54 112
5 55 114
5 56 114
5 57 115
5 58 119
5 59 121
5 60 122
5 61 125
5 62 126
5 63 131
5 64 133
5 65 137
5 66 142
5 67 143
5 68 146
0 0 0

const